[{"id": 0, "img_name": "0_0001", "width": 1728, "height": 1152, "position": [0.50546836005946, -0.9995045898374413, 4.050038068309842], "rotation": [[-0.9881498284972592, 0.12054344298479247, -0.09502207529941885], [0.02476022027887899, 0.7361428231780865, 0.6763731775988293], [0.15148217034548234, 0.66600527192866, -0.7304040866743924]], "fy": 2056.1986519778034, "fx": 2056.1986519778034}, {"id": 1, "img_name": "0_0002", "width": 1728, "height": 1152, "position": [0.35480840901421623, -1.0054633247796483, 4.072358598903294], "rotation": [[-0.9916588702087993, 0.11504906658996147, -0.058106775964473306], [0.045663234490998544, 0.7351803480301149, 0.6763318156690097], [0.12053030387428287, 0.6680371008762146, -0.7343016258329234]], "fy": 2062.811822193747, "fx": 2062.811822193747}, {"id": 2, "img_name": "0_0003", "width": 1728, "height": 1152, "position": [0.20765639284914944, -1.0070346731728628, 4.088061111493562], "rotation": [[-0.9937683397491399, 0.10929000266562103, -0.02191306070786355], [0.0658744414591529, 0.7344293263827084, 0.6754806603534154], [0.08991687758525982, 0.6698277837372753, -0.7370520302250905]], "fy": 2068.8478638902498, "fx": 2068.8478638902498}, {"id": 3, "img_name": "0_0004", "width": 1728, "height": 1152, "position": [0.06389627379113577, -1.0068537525475851, 4.10073070060056], "rotation": [[-0.9944897158050838, 0.10396083684540738, 0.013503686916049043], [0.08585837468161878, 0.7337823722069258, 0.6739375117437872], [0.06015434028359759, 0.6713833291352855, -0.7386649312809334]], "fy": 2075.764629488666, "fx": 2075.764629488666}, {"id": 4, "img_name": "0_0005", "width": 1728, "height": 1152, "position": [-0.07325867322935027, -1.0088782707238573, 4.117020490679498], "rotation": [[-0.9940062095783362, 0.09874349317255349, 0.046918843504404145], [0.1045699336281573, 0.7335893686751179, 0.6714996404673981], [0.03188705537850215, 0.6723811127053791, -0.7395179882709847]], "fy": 2087.5471837472064, "fx": 2087.5471837472064}, {"id": 5, "img_name": "0_0006", "width": 1728, "height": 1152, "position": [-0.20480396790445146, -1.0085191882124749, 4.129168976127089], "rotation": [[-0.9924815863340428, 0.09378339338552111, 0.07864461782574551], [0.12229153254632885, 0.7335513954227376, 0.6685410468631111], [0.005008178843767747, 0.6731322495605532, -0.73950516749122]], "fy": 2098.194025477924, "fx": 2098.194025477924}, {"id": 6, "img_name": "0_0007", "width": 1728, "height": 1152, "position": [-0.3336499770393651, -1.0011426945391158, 4.135420315711031], "rotation": [[-0.9899175038688685, 0.08971049326889492, 0.10961461093978236], [0.14010913008337525, 0.7338185962864433, 0.66474032479719], [-0.020803057499034345, 0.6733960908274159, -0.738989132299688]], "fy": 2106.00237961865, "fx": 2106.00237961865}, {"id": 7, "img_name": "0_0008", "width": 1728, "height": 1152, "position": [-0.4630742600765095, -0.990501456799403, 4.134984271245991], "rotation": [[-0.9864031549555186, 0.08513674986166789, 0.14057222242246448], [0.15750369117481708, 0.7339289338428364, 0.6607124240807232], [-0.04691911295098065, 0.6738694635397194, -0.7373591682135535]], "fy": 2111.636637004783, "fx": 2111.6366370047836}, {"id": 8, "img_name": "0_0009", "width": 1728, "height": 1152, "position": [-0.6035946114965851, -0.9678902101051671, 4.118165638789113], "rotation": [[-0.9813643590771134, 0.07986245460865768, 0.17477409154976672], [0.17654798192594667, 0.7338111394930368, 0.656012211497474], [-0.07586042981055252, 0.6746430166390303, -0.7342356537850413]], "fy": 2109.9577616772235, "fx": 2109.9577616772235}, {"id": 9, "img_name": "0_0010", "width": 1728, "height": 1152, "position": [-0.7596481132181827, -0.9534868843466825, 4.109932326519482], "rotation": [[-0.9745254152137718, 0.07391589825944243, 0.2117466766844867], [0.19693180111559055, 0.7338083527830885, 0.6501870247053073], [-0.10732232205740931, 0.6753234346372633, -0.7296712806585819]], "fy": 2118.907724248952, "fx": 2118.907724248952}, {"id": 10, "img_name": "0_0011", "width": 1728, "height": 1152, "position": [-0.911598504816699, -0.9176065410067945, 4.079188632414065], "rotation": [[-0.9660993677972064, 0.06848023997238353, 0.24892261503359409], [0.21774521654720103, 0.7341491132235687, 0.6431268150402845], [-0.13870483846157144, 0.6755261181378354, -0.7241722388361603]], "fy": 2115.1930756650086, "fx": 2115.1930756650086}, {"id": 11, "img_name": "0_0012", "width": 1728, "height": 1152, "position": [-1.064070551920092, -0.8914923866814016, 4.057966304681907], "rotation": [[-0.9564268497930771, 0.06323483821539322, 0.28504216570669677], [0.23793590674030232, 0.7346129347059681, 0.6353977812727672], [-0.16921638596353814, 0.6755332644648656, -0.7176493735264322]], "fy": 2121.7427154802804, "fx": 2121.7427154802804}, {"id": 12, "img_name": "0_0013", "width": 1728, "height": 1152, "position": [-1.2051428607148846, -0.8563771700260698, 4.019997483300183], "rotation": [[-0.9458336822407822, 0.05777439465151784, 0.3194695053702197], [0.2569729692400435, 0.7345997394672813, 0.6279555046773282], [-0.19840246626188351, 0.6760364946489599, -0.7096556342931042]], "fy": 2118.8739628631497, "fx": 2118.8739628631497}, {"id": 13, "img_name": "0_0014", "width": 1728, "height": 1152, "position": [-1.3309148270342528, -0.8071006481334747, 3.9672986387185794], "rotation": [[-0.9345328712054175, 0.05253496657770788, 0.3519778258970839], [0.2747886294018308, 0.7350067581918864, 0.6198840815537348], [-0.22614049126156527, 0.6760215549070407, -0.7013239875500091]], "fy": 2106.7677695676553, "fx": 2106.7677695676553}, {"id": 14, "img_name": "0_0015", "width": 1728, "height": 1152, "position": [-1.4478308829406414, -0.7505612413720903, 3.9142918339262365], "rotation": [[-0.9225209286011908, 0.047944914448911295, 0.3829574669219582], [0.29165401878321745, 0.736465851112737, 0.6103736425112005], [-0.2527707847445878, 0.6747735437339543, -0.6933884878308307]], "fy": 2093.20246546707, "fx": 2093.20246546707}, {"id": 15, "img_name": "0_0016", "width": 1728, "height": 1152, "position": [-1.5913623857363692, -0.7606497302466624, 3.911975894280858], "rotation": [[-0.9103098705443898, 0.04264747574374925, 0.4117245831889829], [0.30754589173145, 0.7354211777574758, 0.6037973300577887], [-0.2770405458927675, 0.6762668734445694, -0.6825772130777176]], "fy": 2126.429884146004, "fx": 2126.429884146004}, {"id": 16, "img_name": "0_0017", "width": 1728, "height": 1152, "position": [-1.6841221843756577, -0.6903631388856691, 3.8419038031517627], "rotation": [[-0.8975418656168969, 0.038798315068786796, 0.4392189547512302], [0.32254488498433603, 0.7369565653123927, 0.5940200484944952], [-0.30063831531490043, 0.6748256897827647, -0.6739635685805532]], "fy": 2101.163900416906, "fx": 2101.1639004169056}, {"id": 17, "img_name": "0_0018", "width": 1728, "height": 1152, "position": [-1.7958491563725683, -0.6586025858841604, 3.804352086858686], "rotation": [[-0.8843078928033841, 0.0346301994573469, 0.4656181912373945], [0.3370494475526201, 0.7374582177757427, 0.585280314840247], [-0.3231055874325173, 0.6745043560426941, -0.6638122121875418]], "fy": 2105.6477642596983, "fx": 2105.6477642596983}, {"id": 18, "img_name": "0_0019", "width": 1728, "height": 1152, "position": [-1.8931852482282627, -0.602035665997367, 3.7416230469166254], "rotation": [[-0.8697973767906748, 0.030109705870695818, 0.4924895216554774], [0.3513137862973201, 0.7386499381569466, 0.5753041738230132], [-0.34645511525376793, 0.6734164198125252, -0.6530537333492391]], "fy": 2092.8723305120907, "fx": 2092.8723305120907}, {"id": 19, "img_name": "0_0020", "width": 1728, "height": 1152, "position": [-2.0363810030154283, -0.5799270477043682, 3.7230246674574077], "rotation": [[-0.8529582902780622, 0.02597919327883338, 0.5213321748775015], [0.36681140734146217, 0.7404054566049211, 0.5632487472456856], [-0.3713644389142566, 0.6716582772111422, -0.6410644368264862]], "fy": 2119.8902785181995, "fx": 2119.8902785181995}, {"id": 20, "img_name": "0_0021", "width": 1728, "height": 1152, "position": [-2.149520833921194, -0.5185381696412134, 3.648762517997243], "rotation": [[-0.8340674692526386, 0.020848255050386868, 0.5512683620486963], [0.38281512920201083, 0.7414013271405446, 0.5511593680309597], [-0.3972203841553782, 0.6707379684911189, -0.6263597560794117]], "fy": 2110.177027312215, "fx": 2110.177027312215}, {"id": 21, "img_name": "0_0022", "width": 1728, "height": 1152, "position": [-2.2764372132201536, -0.4641261682306236, 3.582240980801486], "rotation": [[-0.8131853281942385, 0.01570809441839463, 0.5817928134476833], [0.3990910225237055, 0.7426522656854228, 0.5377675780607188], [-0.42362244717508946, 0.669492993273306, -0.6101828858689312]], "fy": 2112.9564694086985, "fx": 2112.9564694086985}, {"id": 22, "img_name": "0_0023", "width": 1728, "height": 1152, "position": [-2.3945421289582276, -0.40246890072841346, 3.5086909847195535], "rotation": [[-0.7913830269381713, 0.01085070263047984, 0.6112243180098471], [0.4146487994306844, 0.7442120630779482, 0.5236552093696349], [-0.44919848375174865, 0.6678552743085054, -0.5934560259812356]], "fy": 2110.8253450751417, "fx": 2110.8253450751417}, {"id": 23, "img_name": "0_0024", "width": 1728, "height": 1152, "position": [-2.5129535915966645, -0.33834110328959577, 3.4323785565669955], "rotation": [[-0.768012896937707, 0.006459122525420254, 0.6404018034590093], [0.43032348795618586, 0.7457866726132472, 0.5085508181742345], [-0.47431833809222707, 0.6661535248639481, -0.5755532950655083]], "fy": 2110.2126293758815, "fx": 2110.2126293758815}, {"id": 24, "img_name": "0_0025", "width": 1728, "height": 1152, "position": [-2.616014178922022, -0.2666307512186169, 3.3497217225287654], "rotation": [[-0.7443735382824302, 0.0024194807061847343, 0.6677590745306324], [0.44465001906027857, 0.7478502984890253, 0.492956683289282], [-0.4981911240222855, 0.6638629957777342, -0.5577557949339684]], "fy": 2102.939004993071, "fx": 2102.939004993071}, {"id": 25, "img_name": "0_0026", "width": 1728, "height": 1152, "position": [-2.7247103799718144, -0.20779699356304782, 3.273938538129907], "rotation": [[-0.7204880659482747, -0.0020048794008171206, 0.6934644383706369], [0.4581930879110083, 0.7492462323222765, 0.47821457269875034], [-0.5205343802446574, 0.6622885049655184, -0.5389043469613589]], "fy": 2106.4271569355137, "fx": 2106.4271569355137}, {"id": 26, "img_name": "0_0027", "width": 1728, "height": 1152, "position": [-2.8128747006130244, -0.1414479757736602, 3.189784595093395], "rotation": [[-0.6969109153597739, -0.006417311218435097, 0.7171289940932015], [0.4701837941611829, 0.7509711835052036, 0.4636480143956058], [-0.5415185830242539, 0.6603037934629177, -0.5203426991684272]], "fy": 2100.134408801927, "fx": 2100.134408801927}, {"id": 27, "img_name": "0_0028", "width": 1728, "height": 1152, "position": [-2.9020452180478937, -0.07569784070451682, 3.113692572932309], "rotation": [[-0.6730828583312082, -0.009466617814028772, 0.7395064901458629], [0.48156852771786807, 0.7532775073206833, 0.44795619213979226], [-0.5612942356129581, 0.6576346859099667, -0.5024593525408435]], "fy": 2099.829145698333, "fx": 2099.829145698333}, {"id": 28, "img_name": "0_0029", "width": 1728, "height": 1152, "position": [-2.9810147191203944, -0.014163728831097268, 3.036901110107597], "rotation": [[-0.6500898826849482, -0.01279826177109717, 0.7597495303890017], [0.4918606948993388, 0.7550339137393502, 0.433586030582835], [-0.5791858089109314, 0.6555608237220081, -0.4845449464777358]], "fy": 2097.577147031005, "fx": 2097.577147031005}, {"id": 29, "img_name": "0_0030", "width": 1728, "height": 1152, "position": [-3.0557709069449777, 0.05041060132502455, 2.9534596843116114], "rotation": [[-0.625916767793361, -0.016403179238468134, 0.7797173433405096], [0.5019018874597317, 0.756758486223224, 0.41882107025971527], [-0.5969277135126749, 0.6534887368884068, -0.4654350390769096]], "fy": 2093.9006545979364, "fx": 2093.9006545979364}, {"id": 30, "img_name": "0_0031", "width": 1728, "height": 1152, "position": [-3.1256431532462847, 0.12275044442308874, 2.857689681243697], "rotation": [[-0.5994160248803749, -0.020460130106671953, 0.8001761132354723], [0.5121091805501296, 0.7584989250098556, 0.40301807398076844], [-0.6151785239366571, 0.6513530255053025, -0.44417859004256843]], "fy": 2084.375179093379, "fx": 2084.3751790933793}, {"id": 31, "img_name": "0_0032", "width": 1728, "height": 1152, "position": [-3.2140549405990146, 0.2030404356878003, 2.7551174222297186], "rotation": [[-0.5680458501974907, -0.02442134335648743, 0.8226344936009391], [0.5229252229893006, 0.761139970411847, 0.38368627367035535], [-0.6355101283496584, 0.6481277215411457, -0.4195918651915009]], "fy": 2083.583878940052, "fx": 2083.583878940052}, {"id": 32, "img_name": "0_0033", "width": 1728, "height": 1152, "position": [-3.2973462903386785, 0.2847849911319923, 2.6458719563775754], "rotation": [[-0.5353732232294948, -0.02854309830619065, 0.8441331668569501], [0.5334953263449399, 0.7633887704328903, 0.3641707318622211], [-0.6547963413283298, 0.6453083578538581, -0.3934702970581004]], "fy": 2081.3539393917044, "fx": 2081.3539393917044}, {"id": 33, "img_name": "0_0034", "width": 1728, "height": 1152, "position": [-3.3802002640869846, 0.36451127144890927, 2.541190009553362], "rotation": [[-0.5027659654244138, -0.03209974547187526, 0.8638263658580336], [0.5427410362281156, 0.766062937955826, 0.3443540949146961], [-0.6727990425118694, 0.6419635359045941, -0.3677285234571594]], "fy": 2084.598552386255, "fx": 2084.598552386255}, {"id": 34, "img_name": "0_0035", "width": 1728, "height": 1152, "position": [-3.457945251877493, 0.44111233919832193, 2.439129450042686], "rotation": [[-0.470779967517415, -0.03533070182373773, 0.8815429448943161], [0.5509616865378939, 0.7686282246161286, 0.32504133935666973], [-0.6890627272981906, 0.6387193388587041, -0.34238890755437523]], "fy": 2089.056936162339, "fx": 2089.056936162339}, {"id": 35, "img_name": "0_0036", "width": 1728, "height": 1152, "position": [-3.527225026363842, 0.5138527960169144, 2.339438570522674], "rotation": [[-0.4400011800337298, -0.03874585418416288, 0.8971609222165581], [0.5578211164020251, 0.7711422848932227, 0.3068797460662039], [-0.7037290413681416, 0.6354827576206921, -0.3176902596899648]], "fy": 2093.2924045349346, "fx": 2093.292404534934}, {"id": 36, "img_name": "0_0037", "width": 1728, "height": 1152, "position": [-3.5854225701898383, 0.5881727242665683, 2.2406871034463443], "rotation": [[-0.4097500858307724, -0.04136132066858139, 0.9112596272820522], [0.5638846380967061, 0.7737586122165315, 0.2886723487611761], [-0.7170348541599778, 0.6321288248239421, -0.2937246444316182]], "fy": 2094.727116494104, "fx": 2094.7271164941044}, {"id": 37, "img_name": "0_0038", "width": 1728, "height": 1152, "position": [-3.634714098361726, 0.6603616141937326, 2.141494659004748], "rotation": [[-0.3801291411684803, -0.04401996575733219, 0.9238853168273845], [0.5695422777494298, 0.7758964373544556, 0.2713048329032394], [-0.7287821553046594, 0.6293226208514888, -0.26986961480334987]], "fy": 2094.6348954824034, "fx": 2094.6348954824034}, {"id": 38, "img_name": "0_0039", "width": 1728, "height": 1152, "position": [-3.6919612647098576, 0.7268889931177269, 2.048929315874753], "rotation": [[-0.3512898746777086, -0.04642560484197903, 0.9351150128000169], [0.5741124885700071, 0.7782799525991848, 0.2543131255955225], [-0.7395879085118093, 0.6261988331171394, -0.24674834748354416]], "fy": 2103.0684724820744, "fx": 2103.068472482074}, {"id": 39, "img_name": "0_0040", "width": 1728, "height": 1152, "position": [-3.7371277728911925, 0.7928327290447235, 1.9570356360715957], "rotation": [[-0.3233232108942873, -0.04868651585395634, 0.9450353032934856], [0.5779153124792726, 0.7806402876241819, 0.2379382964972623], [-0.74931701762271, 0.6230813466250107, -0.2242624413248242]], "fy": 2106.5318267126795, "fx": 2106.5318267126795}, {"id": 40, "img_name": "0_0041", "width": 1728, "height": 1152, "position": [-3.7766943349851254, 0.8582255711692314, 1.8635652134903888], "rotation": [[-0.29539909602268605, -0.05120822746789206, 0.954000572069313], [0.5811772532064212, 0.7829156975904834, 0.22198200562623485], [-0.7582693284212535, 0.6200167158278904, -0.2015115323488404]], "fy": 2108.828712879269, "fx": 2108.828712879269}, {"id": 41, "img_name": "0_0042", "width": 1728, "height": 1152, "position": [-3.8154332375835014, 0.9323343098412049, 1.7619928877559592], "rotation": [[-0.26461925745644377, -0.053103052254178364, 0.962889772728161], [0.5840797200845493, 0.7856830304018403, 0.20384566790720743], [-0.767350981734665, 0.6163458782046579, -0.17689044420480773]], "fy": 2111.50372392377, "fx": 2111.50372392377}, {"id": 42, "img_name": "0_0043", "width": 1728, "height": 1152, "position": [-3.8582846904283716, 1.014307460532277, 1.6485874513532992], "rotation": [[-0.23030523963014832, -0.05481964817723817, 0.9715731072712048], [0.5868346845110219, 0.7886161048084438, 0.18360199424735874], [-0.7762631961221333, 0.6124372991666016, -0.14945235005100804]], "fy": 2117.0069698062593, "fx": 2117.0069698062593}, {"id": 43, "img_name": "0_0044", "width": 1728, "height": 1152, "position": [-3.9022181217256153, 1.0998391494710713, 1.5244235143465048], "rotation": [[-0.19331854158886128, -0.05716548828873653, 0.9794692687505138], [0.5891609213604067, 0.7915112711965396, 0.1624786641703902], [-0.7845491381804663, 0.6084751552179828, -0.1193341328486512]], "fy": 2125.6982541254747, "fx": 2125.6982541254743}, {"id": 44, "img_name": "0_0045", "width": 1728, "height": 1152, "position": [-3.9352861533780383, 1.1863785436239538, 1.3980245466660597], "rotation": [[-0.15605021537285493, -0.0594778923911243, 0.9859567488479375], [0.5906169328127553, 0.794466051604843, 0.14140484971267453], [-0.7917196277451625, 0.6043890081430341, -0.08884794808514444]], "fy": 2131.047838351578, "fx": 2131.047838351578}, {"id": 45, "img_name": "0_0046", "width": 1728, "height": 1152, "position": [-3.969206003343617, 1.2717321197362839, 1.272753616782659], "rotation": [[-0.11924240159160791, -0.06152259768077151, 0.9909572239190121], [0.5909753310297189, 0.797619042394046, 0.12063175918770036], [-0.7978279311837734, 0.6000156941155914, -0.058751672640062334]], "fy": 2140.886798332468, "fx": 2140.886798332468}, {"id": 46, "img_name": "0_0047", "width": 1728, "height": 1152, "position": [-3.9921158335870963, 1.3578643752282844, 1.1475029919470807], "rotation": [[-0.0826804303272872, -0.06308400490251515, 0.9945774754971851], [0.5908671016038307, 0.8005601669861074, 0.09989738373683171], [-0.8025210369100505, 0.5959226689434082, -0.0289163959749853]], "fy": 2146.858944291265, "fx": 2146.8589442912644}, {"id": 47, "img_name": "0_0048", "width": 1728, "height": 1152, "position": [-4.015691778968178, 1.4398633293857523, 1.0250458531663278], "rotation": [[-0.04729688969039963, -0.06463296959587944, 0.9967876320795883], [0.590071215268362, 0.8033688843349109, 0.08008992816952143], [-0.805964617794933, 0.5919636939236214, 0.00014120541275591827]], "fy": 2156.9199860607405, "fx": 2156.9199860607405}, {"id": 48, "img_name": "0_0049", "width": 1728, "height": 1152, "position": [-4.02218978464854, 1.5204636723468767, 0.9040841526060497], "rotation": [[-0.01268634622892423, -0.0662310762822904, 0.9977236597143764], [0.5888279562202562, 0.8059541474077396, 0.06098811564345397], [-0.8081588300531246, 0.5882612997731133, 0.02877409592691695]], "fy": 2159.5138748369613, "fx": 2159.5138748369613}, {"id": 49, "img_name": "0_0050", "width": 1728, "height": 1152, "position": [-4.026019981021253, 1.5981163769862183, 0.7893586376756184], "rotation": [[0.020387419199788075, -0.0670942895393832, 0.9975383248023995], [0.5864717174841392, 0.8088582549506486, 0.042417543415379004], [-0.809713083585523, 0.5841632303640797, 0.05583943553642806]], "fy": 2164.012869855409, "fx": 2164.012869855409}, {"id": 50, "img_name": "0_0051", "width": 1728, "height": 1152, "position": [-3.9982401426688567, 1.6733477433662547, 0.6802264009470225], "rotation": [[0.052240324926191524, -0.06793398088036764, 0.9963211945418765], [0.5838681868290186, 0.8114721560082092, 0.024715995476259217], [-0.8101659637756945, 0.5804290777219334, 0.08205605933912352]], "fy": 2151.303120168315, "fx": 2151.303120168315}, {"id": 51, "img_name": "0_0052", "width": 1728, "height": 1152, "position": [-3.9733782451421678, 1.746319494094793, 0.5726193421101257], "rotation": [[0.08359057028123178, -0.06855528915931365, 0.9941392200734971], [0.5803858067288181, 0.8143084439363495, 0.00735346732502122], [-0.810040080432936, 0.5763696127158718, 0.10785702401771757]], "fy": 2143.056867139287, "fx": 2143.0568671392866}, {"id": 52, "img_name": "0_0053", "width": 1728, "height": 1152, "position": [-3.9613986615075953, 1.8203118348690825, 0.45940590127247116], "rotation": [[0.11596996378336939, -0.06934325641505296, 0.9908291882508508], [0.576490648320358, 0.8170389028385252, -0.010293864560614277], [-0.8088321827791332, 0.5723975402097525, 0.13472771081914636]], "fy": 2145.803614804706, "fx": 2145.803614804706}, {"id": 53, "img_name": "0_0054", "width": 1728, "height": 1152, "position": [-3.9397862670145405, 1.8994372417258705, 0.3375276431708216], "rotation": [[0.15080460191319178, -0.07001677995862478, 0.9860809411838507], [0.5717275932140587, 0.8199231058021452, -0.02921745590265955], [-0.8064648356868781, 0.5681758100236137, 0.16367870266026324]], "fy": 2146.6803497753426, "fx": 2146.6803497753426}, {"id": 54, "img_name": "0_0055", "width": 1728, "height": 1152, "position": [-3.921917938890353, 1.985405478589502, 0.20363621586004335], "rotation": [[0.18851878641415742, -0.0704729263373142, 0.9795377653885471], [0.5654342669419775, 0.8233012797537956, -0.04958923798114795], [-0.8029599970961951, 0.5632127212778648, 0.19505556555520348]], "fy": 2154.315549354144, "fx": 2154.315549354144}, {"id": 55, "img_name": "0_0056", "width": 1728, "height": 1152, "position": [-3.8885224084836607, 2.069848362924816, 0.07250251987694459], "rotation": [[0.22581171854265422, -0.07076344472146902, 0.9715974488747716], [0.5587170745898593, 0.826427463311726, -0.06966260435768291], [-0.7980252491811037, 0.5585787167224483, 0.22615375056394757]], "fy": 2156.445799901946, "fx": 2156.445799901946}, {"id": 56, "img_name": "0_0057", "width": 1728, "height": 1152, "position": [-3.863217061619833, 2.1514714379771696, -0.0541267664654401], "rotation": [[0.26107823958780385, -0.07037214582538721, 0.9627491438093642], [0.5514122072971548, 0.8294824938625205, -0.08890089999146743], [-0.7923274136727902, 0.5540817209289112, 0.2553638895283422]], "fy": 2166.6915980976, "fx": 2166.6915980976005}, {"id": 57, "img_name": "0_0058", "width": 1728, "height": 1152, "position": [-3.808149237503292, 2.2244021064100146, -0.16529454076784356], "rotation": [[0.2937865940249533, -0.06999619682004786, 0.9533047621836082], [0.5440009285420542, 0.8322936574592792, -0.10653758725651222], [-0.7859722812648038, 0.5498979907071722, 0.28259471491805127]], "fy": 2157.976494391751, "fx": 2157.9764943917517}, {"id": 58, "img_name": "0_0059", "width": 1728, "height": 1152, "position": [-3.764853322258028, 2.294551477925927, -0.273031273794567], "rotation": [[0.3245514804935079, -0.0691460089628092, 0.9433372493196625], [0.5363008400471048, 0.8349707808878433, -0.12330938337496718], [-0.779132687976985, 0.5459328021909473, 0.3080740657986292]], "fy": 2159.344878583333, "fx": 2159.344878583333}, {"id": 59, "img_name": "0_0060", "width": 1728, "height": 1152, "position": [-3.7142299149744766, 2.358485629020331, -0.3729618821236721], "rotation": [[0.35345996992069456, -0.06849802555125288, 0.9329384064123641], [0.528500475405164, 0.8375193241078824, -0.13873942929964553], [-0.7718505665996348, 0.5420972258197377, 0.33223079417532486]], "fy": 2156.5571053659887, "fx": 2156.5571053659887}, {"id": 60, "img_name": "0_0061", "width": 1728, "height": 1152, "position": [-3.664880270351453, 2.420396770280178, -0.4693453509652161], "rotation": [[0.3811128660934487, -0.06750265950357663, 0.922060938473147], [0.5204130521890695, 0.8399852331655334, -0.15360684612054534], [-0.764148701765104, 0.5383940926717049, 0.35525844475102614]], "fy": 2154.916885155159, "fx": 2154.916885155159}, {"id": 61, "img_name": "0_0062", "width": 1728, "height": 1152, "position": [-3.6017002318033255, 2.484378795207301, -0.5680921892364172], "rotation": [[0.4102728321925187, -0.06656268581272329, 0.9095304349070052], [0.5118834451587678, 0.8422141271917387, -0.1692651840487247], [-0.7547526361246578, 0.5350184789482083, 0.3796099122083422]], "fy": 2148.844193846662, "fx": 2148.844193846662}, {"id": 62, "img_name": "0_0063", "width": 1728, "height": 1152, "position": [-3.5304622636690124, 2.5551119472911488, -0.6811789081548904], "rotation": [[0.4429941330128708, -0.0652974939250676, 0.8941434087456442], [0.5010197870592296, 0.8450997025743787, -0.1865091571044721], [-0.7434617482367863, 0.5306060026006134, 0.40708954655321067]], "fy": 2146.1664955100464, "fx": 2146.1664955100464}, {"id": 63, "img_name": "0_0064", "width": 1728, "height": 1152, "position": [-3.457055293915473, 2.6292392249587015, -0.8025117931863385], "rotation": [[0.47701394659538865, -0.063833846986499, 0.8765745460212702], [0.48875979362897676, 0.848182435307699, -0.20420680832739407], [-0.7304598270166895, 0.5258438897756682, 0.4357942687786782]], "fy": 2148.6102040384817, "fx": 2148.6102040384817}, {"id": 64, "img_name": "0_0065", "width": 1728, "height": 1152, "position": [-3.3633646927122856, 2.697057308509318, -0.9111662050937506], "rotation": [[0.5098976782055888, -0.06224324193059142, 0.8579802658537778], [0.47630455819835527, 0.8509674087082466, -0.22133331686811547], [-0.7163367403672795, 0.5215172558509851, 0.4635530457775451]], "fy": 2139.158318660497, "fx": 2139.158318660497}, {"id": 65, "img_name": "0_0066", "width": 1728, "height": 1152, "position": [-3.286963366406852, 2.7640774206210685, -1.0207178055495627], "rotation": [[0.5403458159825468, -0.06017430695645641, 0.8392886582889498], [0.4635011942878623, 0.8537589378769832, -0.23719679358897527], [-0.702277040806462, 0.5171795904494644, 0.48921593307929295]], "fy": 2143.8319236195102, "fx": 2143.8319236195102}, {"id": 66, "img_name": "0_0067", "width": 1728, "height": 1152, "position": [-3.2092695473284367, 2.8261868298003376, -1.1247006193800284], "rotation": [[0.569052491001231, -0.058232972136644766, 0.820236663068304], [0.4507018762427502, 0.8564015804068522, -0.2518812256360336], [-0.6877841821651314, 0.5130158418926053, 0.5135831624290879]], "fy": 2146.678687543129, "fx": 2146.678687543129}, {"id": 67, "img_name": "0_0068", "width": 1728, "height": 1152, "position": [-3.1267467753775926, 2.88228623114598, -1.2214383052935966], "rotation": [[0.5960744373329095, -0.05644469462368875, 0.8009427330384449], [0.4379048003067055, 0.8589658771230437, -0.2653620315843711], [-0.6730041983721942, 0.5089121912344788, 0.5367250046218467]], "fy": 2147.6314591889145, "fx": 2147.6314591889145}, {"id": 68, "img_name": "0_0069", "width": 1728, "height": 1152, "position": [-3.0371704976467315, 2.935614615861877, -1.3104633210322436], "rotation": [[0.6220690397975948, -0.05440916329682782, 0.7810696208883284], [0.4251525062342578, 0.8611727172843779, -0.27861603946609065], [-0.657476582220255, 0.5053921190069943, 0.558841077478734]], "fy": 2144.8675713133925, "fx": 2144.8675713133925}, {"id": 69, "img_name": "0_0070", "width": 1728, "height": 1152, "position": [-2.9360545950459187, 2.9849782296515466, -1.3948734467928163], "rotation": [[0.6480056153265871, -0.05225348155610571, 0.7598409676836838], [0.41137445838753134, 0.8636176283243036, -0.2914372094188903], [-0.6409834455674939, 0.5014321147600845, 0.581124820323184]], "fy": 2136.3603121229185, "fx": 2136.360312122919}, {"id": 70, "img_name": "0_0071", "width": 1728, "height": 1152, "position": [-2.8341936935581056, 3.0365005723806435, -1.4812077790680553], "rotation": [[0.6737728681179008, -0.04956640453856531, 0.7372742323784937], [0.3969998985079257, 0.8658004415988002, -0.3045992053699731], [-0.6232344685372225, 0.4979284756553311, 0.6030307043249821]], "fy": 2132.561942130927, "fx": 2132.561942130927}, {"id": 71, "img_name": "0_0072", "width": 1728, "height": 1152, "position": [-2.734724096642625, 3.0837648070069013, -1.564979394523292], "rotation": [[0.6980378132354236, -0.046967820183249395, 0.7145188836977944], [0.38236091954310103, 0.8681260217091241, -0.31647644088880245], [-0.6054282273727102, 0.4941166201401481, 0.623943448720807]], "fy": 2130.999961180362, "fx": 2130.999961180362}, {"id": 72, "img_name": "0_0073", "width": 1728, "height": 1152, "position": [-2.6370171786844834, 3.1244110346288747, -1.6388738694028115], "rotation": [[0.719978080423401, -0.04468330836431544, 0.6925568320819989], [0.3685146841869772, 0.8702267257961495, -0.32695928377809647], [-0.5880718419108392, 0.4906208797673952, 0.6430106228421582]], "fy": 2128.029730100757, "fx": 2128.029730100757}, {"id": 73, "img_name": "0_0074", "width": 1728, "height": 1152, "position": [-2.543877847736387, 3.163437789976095, -1.7069323060365853], "rotation": [[0.7400759928237194, -0.042056305687581216, 0.6712069665892174], [0.3551107545089238, 0.8720026438864286, -0.3369090991457209], [-0.5711250973981873, 0.48769114837875727, 0.6602828688637318]], "fy": 2125.2070186419983, "fx": 2125.2070186419983}, {"id": 74, "img_name": "0_0075", "width": 1728, "height": 1152, "position": [-2.44601667600009, 3.199429331489591, -1.766570466167633], "rotation": [[0.7592277979321723, -0.03915077803986043, 0.6496463402697951], [0.3417121946280917, 0.8735131192512265, -0.34670968624837417], [-0.5539006471286324, 0.4852237082778071, 0.6765737402793696]], "fy": 2119.164153292828, "fx": 2119.164153292828}, {"id": 75, "img_name": "0_0076", "width": 1728, "height": 1152, "position": [-2.346796442713033, 3.2364585337791554, -1.8347384992732447], "rotation": [[0.7786960124727931, -0.03614866733021415, 0.6263591573603927], [0.3269445171723998, 0.87545224558146, -0.3559362982294523], [-0.5354809080162224, 0.4819508684053062, 0.6935297813313377]], "fy": 2118.6844886499166, "fx": 2118.6844886499166}, {"id": 76, "img_name": "0_0077", "width": 1728, "height": 1152, "position": [-2.2362581841616747, 3.2699158473360836, -1.8961664206023818], "rotation": [[0.7981166508214524, -0.03308411989479657, 0.6015939267415642], [0.3116473602517655, 0.8772093283616496, -0.3652118797128727], [-0.5156410908079903, 0.47896684148914764, 0.7104259498528018]], "fy": 2112.7705802257524, "fx": 2112.7705802257524}, {"id": 77, "img_name": "0_0078", "width": 1728, "height": 1152, "position": [-2.1209909033271575, 3.3067698281807165, -1.9666095521826419], "rotation": [[0.8181524265911141, -0.02979596278134259, 0.5742288807305017], [0.2948429177463488, 0.8791124057864219, -0.37447167028659106], [-0.4936539888605091, 0.47568222438340335, 0.7280330766440257]], "fy": 2112.740211152931, "fx": 2112.740211152931}, {"id": 78, "img_name": "0_0079", "width": 1728, "height": 1152, "position": [-1.9890191316587518, 3.3396763397083884, -2.0317576534239628], "rotation": [[0.8386102284377185, -0.02589163988512062, 0.5441162630759135], [0.27620743357171657, 0.8811523561844643, -0.3837707373293234], [-0.469512873518249, 0.4721230222882867, 0.7460948421119198]], "fy": 2106.9200707535206, "fx": 2106.92007075352}, {"id": 79, "img_name": "0_0080", "width": 1728, "height": 1152, "position": [-1.8564526497491154, 3.3739691436836274, -2.0965257559501005], "rotation": [[0.8581329874972982, -0.021797976247147858, 0.5129645445842144], [0.25731293469819694, 0.8828291927530816, -0.3929410516349034], [-0.4442947550961671, 0.4691880909128781, 0.7631937538656652]], "fy": 2104.0773163676813, "fx": 2104.0773163676813}, {"id": 80, "img_name": "0_0081", "width": 1728, "height": 1152, "position": [-1.734024871795016, 3.403342562753998, -2.1584230119807044], "rotation": [[0.8751231126866357, -0.01797989402454885, 0.48356619097339737], [0.23932899299051436, 0.884612098774155, -0.40022876935139357], [-0.4205724322346872, 0.46598085595145505, 0.7784476033304674]], "fy": 2105.3641062785905, "fx": 2105.3641062785905}, {"id": 81, "img_name": "0_0082", "width": 1728, "height": 1152, "position": [-1.6083808145262235, 3.4290725189612474, -2.2103728157957243], "rotation": [[0.8909015088722574, -0.014467323774419793, 0.4539660758602358], [0.22193138555029243, 0.8859176032918443, -0.4073038918121969], [-0.39628394062447536, 0.46361697199352014, 0.7924760827196597]], "fy": 2102.2406508811905, "fx": 2102.2406508811905}, {"id": 82, "img_name": "0_0083", "width": 1728, "height": 1152, "position": [-1.485149187869162, 3.4480406578486584, -2.262678710831587], "rotation": [[0.9053252167893958, -0.010436660763001381, 0.42459077705168247], [0.2036573171594179, 0.8879385521186546, -0.41241826442200125], [-0.37270625029996707, 0.4598436731907328, 0.805998664523579]], "fy": 2101.4784747211907, "fx": 2101.478474721191}, {"id": 83, "img_name": "0_0084", "width": 1728, "height": 1152, "position": [-1.3540257603340853, 3.4687437462768234, -2.3069814187002455], "rotation": [[0.9192552757600695, -0.006285536226705827, 0.393611775765946], [0.1852618848779371, 0.8891354482186206, -0.41846886232137576], [-0.34734388147591216, 0.45760096891878993, 0.818506921929089]], "fy": 2097.0181030484227, "fx": 2097.0181030484227}, {"id": 84, "img_name": "0_0085", "width": 1728, "height": 1152, "position": [-1.2259017824081517, 3.488248302195202, -2.356698420797771], "rotation": [[0.9320095789382626, -0.0023205180725117684, 0.36242621312923473], [0.16676275440650243, 0.8905845071949647, -0.4231423156422179], [-0.3217892610235445, 0.4548118850032142, 0.8304202675451413]], "fy": 2099.029825031183, "fx": 2099.0298250311826}, {"id": 85, "img_name": "0_0086", "width": 1728, "height": 1152, "position": [-1.0849164470757706, 3.501618339484925, -2.4066134757093898], "rotation": [[0.9445779894176181, 0.0023113789012363046, 0.3282789658740643], [0.1460544786793052, 0.8925999372296679, -0.42653656503904713], [-0.2940076719500472, 0.45084366423979805, 0.8427926668222413]], "fy": 2100.4291313327085, "fx": 2100.4291313327085}, {"id": 86, "img_name": "0_0087", "width": 1728, "height": 1152, "position": [-0.9478435405411159, 3.5143626026218415, -2.450013015987907], "rotation": [[0.9554506394656703, 0.006943098539043433, 0.29506926123762606], [0.12623118519991677, 0.8940658325820443, -0.4297813105433974], [-0.26679535870712884, 0.44788177055117234, 0.853359335907378]], "fy": 2102.3637975213032, "fx": 2102.3637975213032}, {"id": 87, "img_name": "0_0088", "width": 1728, "height": 1152, "position": [-0.8127217830314167, 3.5276150741428864, -2.4878959128905085], "rotation": [[0.9649382119057925, 0.011296510544863917, 0.2622339338330597], [0.10720999696215709, 0.8949701353435976, -0.433052506509819], [-0.23958352146052533, 0.44598301054252326, 0.8623797832463382]], "fy": 2104.8463241709314, "fx": 2104.8463241709314}, {"id": 88, "img_name": "0_0089", "width": 1728, "height": 1152, "position": [-0.6752205204791965, 3.5372547356109347, -2.516650031741128], "rotation": [[0.9732460706910957, 0.015682199241319448, 0.22922948002230978], [0.08825736601198948, 0.8956142985666985, -0.4359881484025758], [-0.21213845297109316, 0.4445549424197603, 0.8702690273364868]], "fy": 2103.5263041121148, "fx": 2103.5263041121148}, {"id": 89, "img_name": "0_0090", "width": 1728, "height": 1152, "position": [-0.5376950615223443, 3.5468909090300835, -2.5433167131856127], "rotation": [[0.9804058838398767, 0.020028002130315276, 0.1959672984526195], [0.06937761122574024, 0.8959717477742587, -0.43865860786145505], [-0.1843666184339237, 0.4436592231893842, 0.8770264783267563]], "fy": 2103.8564644274707, "fx": 2103.8564644274707}, {"id": 90, "img_name": "0_0091", "width": 1728, "height": 1152, "position": [-0.3977938874121025, 3.540713736110118, -2.548612625390133], "rotation": [[0.9863388687394978, 0.024649977879194172, 0.16287422940490834], [0.05020198913582448, 0.8967265402310922, -0.4397286348783554], [-0.15689294534966838, 0.4418980545733717, 0.8832387633385298]], "fy": 2092.4269771930026, "fx": 2092.4269771930026}, {"id": 91, "img_name": "0_0092", "width": 1728, "height": 1152, "position": [-0.26881156724374344, 3.5359764608856903, -2.5620176998136], "rotation": [[0.9908605708722524, 0.02891458246662788, 0.13175460527622762], [0.03226093526681566, 0.8976110750900056, -0.43960617594783], [-0.13097542191733647, 0.439838953250556, 0.8884746108117163]], "fy": 2088.370897527391, "fx": 2088.370897527391}, {"id": 92, "img_name": "0_0093", "width": 1728, "height": 1152, "position": [-0.1263137904084269, 3.5306590638998263, -2.5712394924027953], "rotation": [[0.994709388702533, 0.03331082694910536, 0.09717829405273543], [0.012859242228291946, 0.8981527554040873, -0.43949546965737846], [-0.10192091010360567, 0.4384199091829799, 0.8929726262969321]], "fy": 2084.3786709894057, "fx": 2084.3786709894057}, {"id": 93, "img_name": "0_0094", "width": 1728, "height": 1152, "position": [0.016821785707780135, 3.5260190012601442, -2.5822726805100684], "rotation": [[0.9973206313304905, 0.03842054084470966, 0.06225287434128112], [-0.0072241984623764785, 0.8985461110221753, -0.43881966378399767], [-0.07279676695518517, 0.4371941770061955, 0.896416132336287]], "fy": 2084.135103392896, "fx": 2084.1351033928963}, {"id": 94, "img_name": "0_0095", "width": 1728, "height": 1152, "position": [0.15196929828163164, 3.515454221063381, -2.5813378684587365], "rotation": [[0.9986221076446725, 0.04355314338010638, 0.029274730144337978], [-0.02637173643386213, 0.8987945005106528, -0.4375762532053919], [-0.045369787753248576, 0.43620129476368846, 0.8987046304574751]], "fy": 2078.995638676746, "fx": 2078.995638676746}, {"id": 95, "img_name": "0_0096", "width": 1728, "height": 1152, "position": [0.2824233020353729, 3.5096135136484516, -2.587547078180749], "rotation": [[0.9988337220965352, 0.04820704857797115, -0.0026974191707306665], [-0.04455692090128254, 0.8988034285383045, -0.4360815034458417], [-0.018597752621710713, 0.4356930999168909, 0.8999031316104148]], "fy": 2080.8200146937024, "fx": 2080.8200146937024}, {"id": 96, "img_name": "0_0097", "width": 1728, "height": 1152, "position": [0.4180769267631066, 3.502810234880847, -2.5998390770628412], "rotation": [[0.997962619584595, 0.052784376022008, -0.03583879964257445], [-0.06311371678802861, 0.8989877911005962, -0.43340236525112696], [0.009341769910131699, 0.4347812796108384, 0.9004876291404054]], "fy": 2088.078439976809, "fx": 2088.078439976809}, {"id": 97, "img_name": "0_0098", "width": 1728, "height": 1152, "position": [0.56128997692318, 3.481020135473325, -2.592218838065464], "rotation": [[0.995815155231212, 0.057627044383534644, -0.07093165983857695], [-0.08261149164090743, 0.8995247143919127, -0.428987913171236], [0.03908347554532153, 0.43305243557075834, 0.9005209991918748]], "fy": 2084.731562738545, "fx": 2084.731562738545}, {"id": 98, "img_name": "0_0099", "width": 1728, "height": 1152, "position": [0.6985671227260787, 3.460328681681296, -2.5848765976536807], "rotation": [[0.9925171314570878, 0.06290602451420584, -0.10465455481732101], [-0.10177317467178869, 0.8997538271616661, -0.42436455015135294], [0.06746824943200402, 0.43184011229591995, 0.8994232333728257]], "fy": 2084.1654676970725, "fx": 2084.165467697072}, {"id": 99, "img_name": "0_0100", "width": 1728, "height": 1152, "position": [0.8476696171690284, 3.4427026253360133, -2.5825265814187195], "rotation": [[0.9876808976539548, 0.06843732567111288, -0.1407223396069866], [-0.12206689031487894, 0.8996391334837304, -0.4192244074400941], [0.09790872636457565, 0.43123747745253854, 0.8969103184499764]], "fy": 2089.8210348805806, "fx": 2089.82103488058}, {"id": 100, "img_name": "0_0101", "width": 1728, "height": 1152, "position": [1.0052319540866648, 3.419237502631884, -2.5717774900954606], "rotation": [[0.9810687173174442, 0.07414411580566849, -0.17890450523254203], [-0.14328476964956668, 0.8993881641225325, -0.4130017009925882], [0.13028294856801342, 0.4308173398642355, 0.892985315100